30
39#2018-03-27 17:37:36#65, 15, 39, 37
47#2018-03-27 14:27:25#1, 7, 13, 13, 24
49#2018-03-27 14:39:55#8, 8, 8, 8, 8, 8
50#2018-03-27 14:45:53#4, 4, 4, 4, 4, 4, 4, 4, 4, 4, 4
51#2018-03-27 17:37:36#65, 15, 39, 37
53#2018-03-27 17:44:08#58, 24
54#2018-03-31 17:34:13#58, 58, 58, 24
55#2018-03-31 17:34:38#24, 24
56#2018-04-09 11:38:17#24, 24
57#2018-04-09 11:40:47#3, 4
58#2018-03-27 14:19:42#1, 1, 1, 1
59#2018-03-27 14:27:25#1, 7, 13, 13, 24
60#2018-03-27 14:27:25#1, 7, 13, 13, 24
61#2018-04-16 21:47:49#7, 7, 7, 7, 7, 7, 7, 7, 7, 7, 7, 7, 7, 7, 7, 7, 7, 7, 7, 7, 7, 7, 7, 7, 7, 7, 7, 7, 7, 7, 7
62#2018-04-16 21:50:53#7, 7, 7, 7, 7, 7, 7, 7, 7, 7, 7, 7, 7, 7, 7, 7, 7, 7, 7, 7, 7, 7, 7, 7, 7, 7, 7, 7, 7, 7, 7, 7, 7, 7, 7, 7, 7, 7, 7, 7, 7, 7, 7, 7
63#2018-04-21 10:51:19#1, 1, 1
64#2018-04-22 10:20:18#Teryaki , Teryaki , Teryaki , , 
21#2018-03-27 14:19:42#1, 1, 1, 1
22#2018-03-27 14:27:25#1, 7, 13, 13, 24
23#2018-03-27 14:37:10#1, 1, 1, 1
24#2018-03-27 14:39:55#8, 8, 8, 8, 8, 8
25#2018-03-27 14:45:53#4, 4, 4, 4, 4, 4, 4, 4, 4, 4, 4
26#2018-03-27 17:37:36#65, 15, 39, 37
27#2018-03-27 17:43:09#6, 24
28#2018-03-27 17:44:08#58, 24
29#2018-03-31 17:34:13#58, 58, 58, 24
30#2018-03-31 17:34:38#24, 24
31#2018-04-09 11:38:17#24, 24
32#2018-04-09 11:40:47#3, 4
33#2018-03-27 14:19:42#1, 1, 1, 1
